BLINKYDIST;INKYDIST;PINKYDIST;SUEDIST;PACMANPOSITION;CURRENTSCORE;DIRECTIONCHOSEN;
-1;-1;-1;-1;978;0;LEFT;
-1;-1;-1;-1;975;0;LEFT;
-1;-1;-1;-1;974;0;LEFT;
-1;-1;-1;-1;973;0;LEFT;
-1;-1;-1;-1;972;10;LEFT;
-1;-1;-1;-1;971;10;LEFT;
-1;-1;-1;-1;970;10;LEFT;
-1;-1;-1;-1;969;10;DOWN;
-1;-1;-1;-1;968;20;DOWN;
-1;-1;-1;-1;967;20;DOWN;
-1;-1;-1;-1;966;20;DOWN;
-1;-1;-1;-1;965;20;DOWN;
-1;-1;-1;-1;964;30;DOWN;
-1;-1;-1;-1;963;30;DOWN;
-1;-1;-1;-1;962;30;DOWN;
-1;-1;-1;-1;961;30;DOWN;
-1;-1;-1;-1;960;40;DOWN;
-1;-1;-1;-1;959;40;DOWN;
-1;-1;-1;-1;958;40;DOWN;
-1;-1;-1;-1;957;40;DOWN;
-1;-1;-1;-1;956;50;DOWN;
-1;-1;-1;-1;955;50;DOWN;
-1;-1;-1;-1;954;50;DOWN;
-1;-1;-1;-1;953;50;DOWN;
-1;-1;-1;-1;952;60;DOWN;
-1;-1;-1;-1;951;60;DOWN;
-1;-1;-1;-1;950;60;DOWN;
-1;-1;-1;-1;949;60;DOWN;
-1;-1;-1;-1;948;70;DOWN;
-1;-1;-1;-1;1030;70;DOWN;
-1;-1;-1;-1;1036;70;DOWN;
-1;-1;-1;-1;1042;70;DOWN;
-1;-1;-1;-1;1048;80;DOWN;
-1;-1;-1;-1;1054;80;LEFT;
-1;-1;-1;-1;1060;80;LEFT;
-1;-1;-1;-1;1066;80;LEFT;
-1;-1;-1;-1;1072;90;UP;
-1;-1;-1;-1;1066;90;UP;
108;-1;-1;-1;1060;90;UP;
106;-1;-1;-1;1054;90;UP;
104;-1;-1;-1;1048;90;UP;
102;-1;-1;-1;1042;90;UP;
100;-1;-1;-1;1036;90;UP;
98;-1;-1;-1;1030;90;UP;
96;-1;-1;-1;948;90;UP;
95;-1;-1;-1;948;90;UP;
94;-1;-1;-1;948;90;UP;
93;-1;-1;-1;948;90;UP;
92;-1;-1;-1;948;90;LEFT;
90;-1;-1;-1;947;90;LEFT;
88;-1;-1;-1;946;90;LEFT;
86;-1;-1;-1;945;90;LEFT;
84;-1;-1;-1;944;100;LEFT;
82;-1;-1;-1;943;100;LEFT;
80;-1;-1;-1;942;100;LEFT;
78;-1;-1;-1;941;100;LEFT;
76;-1;-1;-1;940;110;LEFT;
74;-1;-1;-1;939;110;LEFT;
72;-1;92;-1;938;110;LEFT;
70;-1;90;-1;937;110;UP;
68;-1;88;-1;936;120;UP;
66;-1;86;-1;924;120;UP;
64;-1;84;-1;920;120;UP;
62;-1;82;-1;916;120;UP;
60;-1;80;-1;912;130;UP;
58;-1;78;-1;908;130;UP;
56;-1;76;-1;904;130;UP;
54;-1;74;-1;900;130;UP;
52;-1;72;-1;896;140;UP;
52;-1;70;-1;892;140;UP;
52;-1;68;-1;888;140;RIGHT;
52;-1;66;-1;884;140;RIGHT;
52;-1;64;-1;810;150;RIGHT;
54;-1;64;-1;811;150;RIGHT;
56;-1;64;-1;812;150;RIGHT;
58;-1;64;-1;813;150;RIGHT;
60;-1;64;-1;814;160;RIGHT;
58;-1;64;-1;815;160;RIGHT;
56;84;64;-1;816;160;RIGHT;
54;84;64;-1;817;160;RIGHT;
52;84;64;-1;818;170;RIGHT;
50;84;64;-1;819;170;RIGHT;
48;84;64;-1;820;170;RIGHT;
46;84;64;-1;821;170;RIGHT;
44;84;64;-1;822;180;RIGHT;
42;82;62;-1;823;180;RIGHT;
40;80;60;-1;824;180;RIGHT;
38;78;58;-1;825;180;RIGHT;
36;76;56;-1;826;190;RIGHT;
34;74;54;-1;827;190;RIGHT;
32;72;52;-1;828;190;RIGHT;
30;70;50;-1;829;190;RIGHT;
28;68;48;-1;830;200;RIGHT;
26;66;46;-1;831;200;RIGHT;
24;64;44;-1;832;200;RIGHT;
22;62;42;-1;833;200;RIGHT;
20;60;40;-1;834;210;DOWN;
20;60;40;-1;885;210;DOWN;
20;60;40;80;889;210;DOWN;
20;60;40;80;893;210;DOWN;
20;60;40;80;897;220;DOWN;
20;60;40;80;901;220;DOWN;
20;60;40;80;905;220;DOWN;
20;60;40;80;909;220;DOWN;
20;60;40;80;913;230;DOWN;
20;60;40;80;917;230;LEFT;
20;60;40;80;921;230;LEFT;
20;60;40;80;925;230;LEFT;
20;60;40;80;960;230;LEFT;
20;60;40;80;959;230;LEFT;
20;60;40;80;958;230;LEFT;
20;60;40;80;957;230;LEFT;
20;60;40;80;956;230;LEFT;
20;60;40;80;955;230;LEFT;
20;60;40;80;954;230;LEFT;
20;60;40;80;953;230;LEFT;
20;60;40;80;952;230;LEFT;
20;60;40;80;951;230;LEFT;
20;60;40;80;950;230;LEFT;
20;60;40;80;949;230;LEFT;
20;60;40;80;948;230;LEFT;
20;60;40;78;947;230;LEFT;
20;60;40;76;946;230;LEFT;
20;60;40;74;945;230;LEFT;
20;60;40;72;944;230;LEFT;
20;60;40;70;943;230;LEFT;
20;60;40;68;942;230;LEFT;
20;60;40;66;941;230;LEFT;
20;60;40;64;940;230;LEFT;
20;60;40;62;939;230;LEFT;
20;60;40;60;938;230;LEFT;
20;60;40;58;937;230;LEFT;
20;60;40;56;936;230;LEFT;
20;60;40;56;935;230;LEFT;
20;60;40;56;934;230;LEFT;
20;60;40;56;933;230;LEFT;
20;60;40;56;932;240;LEFT;
20;60;40;56;931;240;LEFT;
20;60;40;56;930;240;DOWN;
20;60;40;56;929;240;DOWN;
20;60;40;56;928;250;DOWN;
20;60;40;56;1029;250;DOWN;
20;60;40;56;1035;250;DOWN;
20;60;40;56;1041;250;DOWN;
20;60;40;56;1047;260;DOWN;
20;60;40;56;1053;260;DOWN;
20;60;40;56;1059;260;DOWN;
20;60;40;56;1065;260;DOWN;
20;60;40;56;1071;270;DOWN;
20;60;42;56;1077;270;DOWN;
20;60;44;56;1083;270;DOWN;
20;60;46;56;1089;270;DOWN;
20;60;48;56;1095;280;DOWN;
22;60;50;56;1125;280;DOWN;
24;60;52;56;1131;280;DOWN;
26;60;54;56;1137;280;DOWN;
26;62;54;58;1143;330;DOWN;
26;64;54;60;1149;330;DOWN;
27;65;55;61;1155;330;DOWN;
27;67;55;63;1161;330;DOWN;
28;68;56;64;1167;340;RIGHT;
30;70;56;66;1173;340;RIGHT;
31;71;57;67;1179;340;RIGHT;
33;73;57;69;1185;340;RIGHT;
34;74;58;70;1191;350;RIGHT;
36;74;56;72;1192;350;RIGHT;
37;73;55;73;1193;350;RIGHT;
39;73;53;75;1194;350;RIGHT;
40;72;52;76;1195;360;RIGHT;
42;72;52;78;1196;360;RIGHT;
43;71;51;79;1197;360;RIGHT;
43;71;51;81;1198;360;RIGHT;
42;70;50;82;1199;370;RIGHT;
40;70;50;84;1200;370;RIGHT;
39;69;49;85;1201;370;RIGHT;
37;69;49;87;1202;370;RIGHT;
36;68;48;88;1203;380;RIGHT;
34;68;48;88;1204;380;RIGHT;
33;67;47;87;1205;380;RIGHT;
31;67;47;87;1206;380;RIGHT;
30;66;46;86;1207;390;RIGHT;
28;66;46;86;1208;390;RIGHT;
27;65;45;85;1209;390;RIGHT;
25;65;45;85;1210;390;UP;
24;64;44;84;1211;400;UP;
24;64;44;84;1186;400;UP;
23;63;43;83;1180;400;UP;
23;63;43;83;1174;400;UP;
22;62;42;82;1168;410;UP;
22;62;42;82;1162;410;UP;
21;61;41;81;1156;410;UP;
21;61;41;81;1150;410;UP;
20;60;40;80;1144;420;UP;
20;60;40;80;1138;420;UP;
19;59;39;79;1132;420;UP;
19;59;39;79;1126;420;UP;
18;58;38;78;1096;430;UP;
18;58;38;78;1090;430;DOWN;
19;59;39;79;1096;430;DOWN;
21;61;41;81;1126;430;DOWN;
22;62;42;82;1132;430;DOWN;
24;64;44;84;1138;430;DOWN;
25;65;45;85;1144;430;DOWN;
27;67;47;87;1150;430;DOWN;
28;68;48;88;1156;430;DOWN;
30;70;50;90;1162;430;DOWN;
31;71;51;91;1168;430;RIGHT;
33;73;53;93;1174;430;RIGHT;
34;74;54;94;1180;430;RIGHT;
36;76;56;96;1186;430;RIGHT;
37;77;57;97;1211;430;RIGHT;
39;79;59;99;1212;430;RIGHT;
40;80;60;100;1213;430;RIGHT;
42;82;62;102;1214;430;RIGHT;
43;83;63;103;1215;440;RIGHT;
45;85;65;105;1216;440;RIGHT;
46;86;66;106;1217;440;RIGHT;
48;88;68;108;1218;440;RIGHT;
49;89;69;109;1219;450;RIGHT;
51;91;71;111;1220;450;UP;
52;92;72;112;1221;450;UP;
54;94;74;114;1222;450;UP;
55;95;75;115;1223;460;UP;
55;95;75;115;1187;460;UP;
54;94;74;114;1181;460;UP;
54;94;74;114;1175;460;UP;
53;93;73;113;1169;470;UP;
53;93;73;113;1163;470;UP;
52;92;72;112;1157;470;UP;
52;92;72;112;1151;470;UP;
51;91;71;111;1145;480;RIGHT;
51;91;71;111;1139;480;RIGHT;
50;90;70;110;1133;480;RIGHT;
50;90;70;110;1127;480;RIGHT;
49;89;69;109;1097;490;RIGHT;
49;89;69;109;1098;490;RIGHT;
48;88;68;108;1099;490;RIGHT;
48;88;68;108;1100;490;RIGHT;
47;87;67;107;1101;500;RIGHT;
47;87;67;107;1102;500;RIGHT;
46;86;66;106;1103;500;RIGHT;
46;86;66;106;1104;500;UP;
45;85;65;105;1105;510;UP;
45;85;65;105;1106;510;UP;
44;84;64;104;1107;510;UP;
44;84;64;104;1108;510;UP;
43;83;63;103;1109;520;UP;
43;83;63;103;1091;520;UP;
42;82;62;102;1085;520;UP;
42;82;62;102;1079;520;UP;
41;81;61;101;1073;530;UP;
41;81;61;101;1067;530;UP;
40;80;60;100;1061;530;UP;
40;80;60;100;1055;530;UP;
39;79;59;99;1049;540;UP;
39;79;59;99;1043;540;RIGHT;
38;78;58;98;1037;540;RIGHT;
38;78;58;98;1031;540;RIGHT;
37;77;57;97;972;540;RIGHT;
39;77;59;99;973;540;RIGHT;
40;76;60;100;974;540;RIGHT;
42;76;58;102;975;540;RIGHT;
43;75;57;103;976;540;RIGHT;
45;75;55;105;977;540;RIGHT;
46;74;54;106;978;540;RIGHT;
48;74;54;108;979;540;RIGHT;
49;73;53;109;980;540;RIGHT;
51;73;53;111;981;540;RIGHT;
52;72;52;112;982;540;DOWN;
54;72;52;114;983;540;DOWN;
55;71;51;115;984;550;DOWN;
57;73;53;117;1032;550;DOWN;
58;74;54;118;1038;550;DOWN;
60;76;56;120;1044;550;DOWN;
61;77;57;121;1050;560;DOWN;
63;79;59;123;1056;560;DOWN;
64;80;60;124;1062;560;DOWN;
66;82;62;126;1068;560;DOWN;
67;83;63;127;1074;570;DOWN;
69;85;65;129;1080;570;RIGHT;
70;86;66;130;1086;570;RIGHT;
72;88;68;132;1092;570;RIGHT;
73;89;69;133;1110;580;RIGHT;
75;91;71;135;1111;580;RIGHT;
76;92;72;136;1112;580;RIGHT;
78;94;74;138;1113;580;RIGHT;
79;95;75;139;1114;590;RIGHT;
81;97;77;141;1115;590;RIGHT;
82;98;78;142;1116;590;RIGHT;
84;100;80;144;1117;590;RIGHT;
85;101;81;145;1118;600;RIGHT;
87;103;83;147;1119;600;DOWN;
88;104;84;148;1120;600;DOWN;
90;106;86;150;1121;600;DOWN;
91;107;87;151;1122;610;DOWN;
93;109;89;153;1128;610;DOWN;
94;110;90;154;1134;610;DOWN;
96;112;92;156;1140;610;DOWN;
97;113;93;157;1146;620;DOWN;
99;115;95;159;1152;620;DOWN;
100;116;96;160;1158;620;DOWN;
102;118;98;162;1164;620;LEFT;
103;119;99;163;1170;630;LEFT;
105;121;101;165;1176;630;LEFT;
106;122;102;166;1182;630;LEFT;
108;124;104;168;1188;630;LEFT;
109;125;105;169;1259;640;LEFT;
111;127;107;171;1258;640;LEFT;
112;128;108;172;1257;640;LEFT;
114;130;110;174;1256;640;LEFT;
115;131;111;175;1255;650;LEFT;
117;133;113;177;1254;650;LEFT;
118;134;114;178;1253;650;LEFT;
120;136;116;180;1252;650;LEFT;
121;137;117;181;1251;660;LEFT;
123;139;119;183;1250;660;LEFT;
124;140;120;184;1249;660;LEFT;
126;142;122;182;1248;660;LEFT;
127;143;123;181;1247;670;LEFT;
127;145;125;179;1246;670;LEFT;
126;146;126;178;1245;670;LEFT;
126;148;128;176;1244;670;LEFT;
125;149;129;175;1243;680;LEFT;
125;151;131;173;1242;680;LEFT;
124;152;132;172;1241;680;LEFT;
124;154;134;170;1240;680;LEFT;
123;155;135;169;1239;690;LEFT;
123;157;137;167;1238;690;LEFT;
122;158;138;166;1237;690;LEFT;
122;160;140;164;1236;690;LEFT;
121;161;141;163;1235;700;LEFT;
121;161;141;161;1234;700;LEFT;
120;160;140;160;1233;700;LEFT;
120;160;140;158;1232;700;LEFT;
119;159;139;157;1231;710;LEFT;
119;159;139;155;1230;710;LEFT;
118;158;138;154;1229;710;LEFT;
118;158;138;154;1228;710;LEFT;
117;157;137;153;1227;720;RIGHT;
119;159;139;155;1228;720;RIGHT;
120;160;140;156;1229;720;RIGHT;
122;162;142;158;1230;720;RIGHT;
123;163;143;159;1231;720;RIGHT;
125;165;145;161;1232;720;RIGHT;
126;166;146;162;1233;720;RIGHT;
128;168;148;164;1234;720;RIGHT;
129;169;149;165;1235;720;RIGHT;
131;169;149;167;1236;720;RIGHT;
132;168;148;168;1237;720;RIGHT;
134;168;148;170;1238;720;RIGHT;
135;167;147;171;1239;720;RIGHT;
137;167;147;173;1240;720;RIGHT;
138;166;146;174;1241;720;RIGHT;
140;164;146;176;1242;720;RIGHT;
141;163;145;177;1243;720;RIGHT;
143;161;145;179;1244;720;RIGHT;
145;159;145;181;1245;720;RIGHT;
147;157;145;183;1246;720;RIGHT;
149;155;145;185;1247;720;RIGHT;
149;153;145;187;1248;720;RIGHT;
149;151;145;189;1249;720;RIGHT;
149;149;145;191;1250;720;RIGHT;
149;147;145;193;1251;720;RIGHT;
149;145;145;195;1252;720;RIGHT;
149;143;145;195;1253;720;RIGHT;
149;141;145;193;1254;720;RIGHT;
149;139;145;191;1255;720;RIGHT;
149;137;145;189;1256;720;RIGHT;
149;135;145;187;1257;720;RIGHT;
149;133;145;185;1258;720;RIGHT;
149;131;145;183;1259;720;RIGHT;
149;129;145;181;1260;720;RIGHT;
149;127;145;179;1261;720;RIGHT;
149;125;145;177;1262;720;RIGHT;
149;123;143;175;1263;730;RIGHT;
149;121;141;173;1264;730;RIGHT;
149;119;139;171;1265;730;RIGHT;
149;117;137;169;1266;730;RIGHT;
149;115;135;167;1267;740;RIGHT;
149;113;133;165;1268;740;RIGHT;
149;111;131;163;1269;740;RIGHT;
149;109;129;161;1270;740;RIGHT;
149;107;127;159;1271;750;RIGHT;
151;107;127;159;1272;750;RIGHT;
153;107;127;159;1273;750;RIGHT;
155;107;127;159;1274;750;RIGHT;
157;107;127;159;1275;760;RIGHT;
159;107;127;159;1276;760;RIGHT;
161;107;127;159;1277;760;RIGHT;
163;107;127;159;1278;760;RIGHT;
165;107;127;159;1279;770;RIGHT;
167;105;125;157;1280;770;RIGHT;
167;103;123;155;1281;770;RIGHT;
165;101;121;153;1282;770;RIGHT;
163;101;119;151;1283;780;RIGHT;
161;101;117;149;1284;780;RIGHT;
159;101;115;147;1285;780;RIGHT;
157;101;113;145;1286;780;RIGHT;
155;101;113;143;1287;790;RIGHT;
153;101;113;141;1288;790;RIGHT;
151;101;113;139;1289;790;RIGHT;
149;101;113;137;1290;790;RIGHT;
147;101;113;135;1291;800;RIGHT;
146;102;114;134;1291;800;UP;
144;102;114;132;1190;800;UP;
142;102;114;130;1184;800;UP;
140;102;114;130;1178;800;UP;
138;102;114;130;1172;810;UP;
136;102;114;130;1166;810;UP;
134;102;114;130;1160;810;UP;
132;102;114;130;1154;810;UP;
132;100;112;128;1148;860;UP;
132;98;110;126;1142;860;UP;
131;97;109;125;1136;860;UP;
131;95;107;123;1130;860;UP;
130;94;106;122;1124;870;UP;
130;92;104;120;1094;870;UP;
129;91;103;119;1088;870;UP;
129;89;101;117;1082;870;UP;
128;88;100;116;1076;880;UP;
128;86;98;116;1070;880;UP;
127;85;97;115;1064;880;UP;
127;83;95;115;1058;880;UP;
126;82;94;114;1052;890;UP;
126;80;92;114;1046;890;UP;
125;79;91;113;1040;890;UP;
125;77;89;113;1034;890;UP;
124;76;88;112;1028;900;UP;
125;75;87;113;1028;900;LEFT;
124;74;86;112;1027;900;LEFT;
124;72;84;112;1026;900;LEFT;
123;71;83;111;1025;900;LEFT;
123;69;81;111;1024;910;LEFT;
122;68;80;110;1023;910;LEFT;
122;66;78;110;1022;910;LEFT;
121;65;77;109;1021;910;LEFT;
121;63;77;109;1020;920;LEFT;
122;64;78;110;1019;920;LEFT;
124;64;80;112;1018;920;LEFT;
125;65;81;113;1017;920;LEFT;
127;65;83;115;1016;930;LEFT;
128;66;84;116;1015;930;LEFT;
130;66;86;118;1014;930;LEFT;
131;67;87;119;1013;930;DOWN;
133;69;89;121;1012;940;DOWN;
134;70;90;122;1011;940;DOWN;
136;72;92;124;1010;940;DOWN;
135;73;93;125;1009;940;DOWN;
133;75;95;127;1008;950;DOWN;
134;76;96;128;1033;950;DOWN;
134;78;98;130;1039;950;DOWN;
135;79;99;131;1045;950;DOWN;
135;81;101;133;1051;960;DOWN;
136;82;102;134;1057;960;DOWN;
136;84;104;136;1063;960;DOWN;
137;85;105;137;1069;960;DOWN;
137;87;107;139;1075;970;DOWN;
138;88;108;140;1081;970;DOWN;
138;90;110;142;1087;970;DOWN;
139;91;111;143;1093;970;DOWN;
139;93;113;145;1123;980;DOWN;
140;94;114;146;1129;980;DOWN;
140;96;116;148;1135;980;DOWN;
141;97;117;149;1141;980;DOWN;
141;99;119;151;1147;990;DOWN;
142;100;120;152;1153;990;DOWN;
142;102;122;154;1159;990;DOWN;
143;103;123;155;1165;990;DOWN;
143;105;125;157;1171;1000;DOWN;
144;106;126;158;1177;1000;UP;
142;106;126;158;1171;1000;UP;
141;105;125;157;1165;1000;UP;
139;105;125;157;1159;1000;UP;
138;104;124;156;1153;1000;UP;
136;104;124;156;1147;1000;UP;
135;103;123;155;1141;1000;UP;
133;103;123;155;1135;1000;UP;
132;102;122;154;1129;1000;UP;
130;102;122;154;1123;1000;UP;
129;101;121;153;1093;1000;UP;
127;101;121;153;1087;1000;UP;
126;100;120;152;1081;1000;UP;
124;100;120;152;1075;1000;UP;
123;99;119;151;1069;1000;UP;
121;99;119;151;1063;1000;UP;
120;98;118;150;1057;1000;UP;
118;98;118;150;1051;1000;UP;
117;97;117;149;1045;1000;LEFT;
115;97;117;149;1039;1000;LEFT;
114;96;116;148;1033;1000;LEFT;
112;96;116;148;1008;1000;LEFT;
111;97;117;149;1007;1000;LEFT;
109;99;119;151;1006;1000;LEFT;
108;100;120;152;1005;1000;LEFT;
106;102;122;154;1004;1010;LEFT;
105;103;123;155;1003;1010;LEFT;
103;105;125;157;1002;1010;LEFT;
102;106;126;158;1001;1010;LEFT;
100;108;128;160;1000;1020;LEFT;
99;109;129;159;999;1020;LEFT;
99;111;129;157;998;1020;LEFT;
98;112;130;156;997;1020;LEFT;
98;114;130;154;996;1030;LEFT;
99;115;131;155;995;1030;LEFT;
101;117;131;155;994;1030;LEFT;
102;118;132;156;993;1030;LEFT;
104;120;132;156;992;1040;LEFT;
105;121;133;157;991;1040;LEFT;
107;123;133;157;990;1040;LEFT;
108;124;134;158;989;1040;LEFT;
110;126;134;158;988;1050;LEFT;
111;127;135;159;987;1050;RIGHT;
111;127;133;157;988;1050;RIGHT;
110;126;132;156;989;1050;RIGHT;
110;126;130;154;990;1050;RIGHT;
109;125;129;153;991;1050;RIGHT;
109;125;127;151;992;1050;UP;
108;124;126;150;993;1050;UP;
108;124;124;148;994;1050;UP;
107;123;123;147;995;1050;UP;
107;123;121;145;996;1050;UP;
106;122;120;144;926;1050;UP;
106;122;118;142;922;1050;UP;
105;121;117;141;918;1050;UP;
105;121;115;139;914;1060;UP;
104;120;114;138;910;1060;UP;
104;120;112;136;906;1060;UP;
103;119;111;135;902;1060;RIGHT;
103;119;109;133;898;1070;RIGHT;
102;118;108;132;894;1070;RIGHT;
102;118;106;130;890;1070;RIGHT;
101;117;105;129;886;1070;RIGHT;
101;117;103;127;859;1080;RIGHT;
102;116;102;128;860;1080;RIGHT;
104;116;100;128;861;1080;RIGHT;
105;115;99;129;862;1080;RIGHT;
107;115;97;129;863;1090;RIGHT;
108;114;96;130;864;1090;RIGHT;
110;114;94;130;865;1090;RIGHT;
111;113;93;130;866;1090;RIGHT;
113;111;91;130;867;1100;RIGHT;
114;110;90;129;868;1100;RIGHT;
116;108;88;129;869;1100;RIGHT;
117;107;87;128;870;1100;RIGHT;
118;105;85;128;871;1110;RIGHT;
117;104;84;127;872;1110;RIGHT;
115;102;82;127;873;1110;RIGHT;
114;101;81;126;874;1110;RIGHT;
112;99;79;126;875;1120;RIGHT;
111;98;78;125;876;1120;RIGHT;
109;96;76;124;877;1120;RIGHT;
108;95;75;123;878;1120;DOWN;
106;93;73;121;879;1130;DOWN;
105;92;72;120;880;1130;DOWN;
103;90;70;118;881;1130;DOWN;
102;89;69;117;882;1130;DOWN;
102;87;67;115;883;1140;DOWN;
103;88;68;116;887;1140;DOWN;
105;88;68;116;891;1140;DOWN;
106;89;69;117;895;1140;DOWN;
108;89;69;117;899;1150;DOWN;
109;90;70;118;903;1150;DOWN;
111;90;70;118;907;1150;DOWN;
112;91;71;119;911;1150;DOWN;
114;91;73;121;915;1160;DOWN;
115;92;74;122;919;1160;UP;
115;90;74;122;915;1160;UP;
114;89;73;121;911;1160;UP;
114;87;73;121;907;1160;UP;
113;86;72;120;903;1160;UP;
113;84;72;120;899;1160;UP;
112;83;71;119;895;1160;UP;
112;81;71;119;891;1160;UP;
111;80;70;118;887;1160;UP;
111;78;70;118;883;1160;UP;
110;77;69;117;809;1160;UP;
110;75;69;116;805;1160;UP;
109;74;68;115;801;1160;UP;
109;72;68;113;797;1170;UP;
108;71;67;112;793;1170;UP;
108;71;67;110;789;1170;UP;
107;70;66;109;785;1170;UP;
107;70;66;107;781;1180;UP;
106;69;65;106;777;1180;UP;
106;69;65;104;773;1180;UP;
105;68;64;103;769;1180;UP;
105;68;64;101;753;1190;UP;
104;67;63;102;678;1190;UP;
104;67;63;102;672;1190;UP;
103;66;62;103;666;1190;UP;
103;66;62;103;660;1200;UP;
102;65;61;104;654;1200;UP;
102;65;61;103;648;1200;UP;
101;64;60;102;642;1200;UP;
101;64;60;100;636;1210;UP;
100;63;59;99;630;1210;UP;
98;63;59;97;624;1210;UP;
97;62;58;96;618;1210;UP;
95;62;58;94;612;1220;UP;
94;61;57;93;584;1220;UP;
92;61;57;91;580;1220;UP;
91;60;56;90;576;1220;UP;
89;60;56;88;572;1230;UP;
88;59;55;87;568;1230;UP;
86;57;55;85;564;1230;UP;
85;56;54;84;560;1230;UP;
83;54;54;82;556;1240;UP;
82;53;53;81;552;1240;UP;
80;51;53;79;548;1240;UP;
79;50;52;78;544;1240;UP;
77;48;52;76;540;1250;UP;
75;48;52;76;455;1250;UP;
73;48;52;76;451;1250;UP;
71;48;52;76;447;1250;UP;
69;48;52;76;443;1260;UP;
67;48;52;76;439;1260;UP;
65;48;52;76;435;1260;UP;
63;48;52;75;431;1260;UP;
61;48;52;73;427;1270;UP;
59;48;50;71;423;1270;UP;
57;48;48;69;419;1270;UP;
55;48;46;67;415;1270;UP;
53;48;44;65;399;1280;UP;
53;48;42;65;335;1280;UP;
53;48;40;65;329;1280;UP;
53;48;38;65;323;1280;UP;
53;48;36;65;317;1290;UP;
53;48;34;65;311;1290;UP;
53;48;32;65;305;1290;UP;
53;48;30;65;299;1290;UP;
53;48;28;65;293;1300;UP;
53;48;26;65;287;1300;UP;
53;48;24;65;281;1300;UP;
53;48;22;65;275;1300;UP;
53;48;20;65;269;1310;UP;
53;48;18;65;263;1310;UP;
53;48;16;65;257;1310;UP;
53;48;14;65;251;1310;UP;
53;48;12;65;237;1320;LEFT;
53;48;12;65;236;1320;LEFT;
53;48;12;65;235;1320;LEFT;
53;48;12;65;234;1320;LEFT;
53;48;12;65;233;1330;LEFT;
53;48;12;65;232;1330;LEFT;
53;48;12;65;231;1330;LEFT;
53;48;12;65;230;1330;LEFT;
53;48;12;65;229;1340;LEFT;
53;48;12;65;228;1340;LEFT;
53;48;12;65;227;1340;UP;
53;48;12;65;226;1340;UP;
53;48;12;65;225;1350;UP;
53;48;12;65;143;1350;UP;
53;48;12;65;137;1350;UP;
53;48;12;65;131;1350;UP;
53;48;12;65;125;1360;UP;
53;48;12;65;119;1360;UP;
53;48;12;65;113;1360;UP;
53;48;12;65;107;1360;UP;
53;48;12;65;101;1370;DOWN;
51;46;10;63;107;1370;DOWN;
49;44;8;61;113;1370;DOWN;
47;42;6;59;119;1370;DOWN;
45;40;4;57;125;1370;DOWN;
43;38;4;55;131;1370;DOWN;
41;36;4;53;137;1370;DOWN;
39;34;4;51;143;1370;DOWN;
37;32;4;49;225;1370;DOWN;
37;32;6;49;250;1370;DOWN;
37;32;8;49;256;1370;DOWN;
37;32;10;49;262;1370;DOWN;
37;32;12;49;268;1380;DOWN;
37;32;14;49;274;1380;DOWN;
37;32;16;49;280;1380;DOWN;
37;32;18;49;286;1380;DOWN;
37;32;20;49;292;1390;DOWN;
37;32;22;49;298;1390;DOWN;
37;32;24;49;304;1390;DOWN;
37;32;26;49;310;1390;DOWN;
37;32;28;49;316;1400;DOWN;
37;32;30;49;322;1400;DOWN;
37;32;32;49;328;1400;DOWN;
37;32;34;49;334;1400;LEFT;
37;32;36;49;398;1410;LEFT;
37;32;38;49;397;1410;LEFT;
37;32;40;49;396;1410;LEFT;
37;32;42;49;395;1410;LEFT;
37;32;44;49;394;1420;LEFT;
37;32;46;49;393;1420;LEFT;
37;32;48;49;392;1420;LEFT;
37;32;50;49;391;1420;LEFT;
37;32;52;49;390;1430;LEFT;
37;32;54;49;389;1430;LEFT;
37;32;56;49;388;1430;LEFT;
37;32;58;49;387;1430;LEFT;
37;32;60;49;386;1440;LEFT;
37;32;60;49;385;1440;LEFT;
37;32;60;49;384;1440;LEFT;
37;32;60;49;383;1440;LEFT;
37;32;60;49;382;1450;LEFT;
37;34;60;49;381;1450;LEFT;
37;36;60;49;380;1450;LEFT;
37;38;60;49;379;1450;LEFT;
37;40;60;49;378;1460;LEFT;
37;42;60;49;377;1460;LEFT;
37;44;60;49;376;1460;LEFT;
37;46;60;49;375;1460;LEFT;
37;48;60;49;374;1470;LEFT;
36;49;61;48;374;1470;UP;
36;49;61;46;333;1470;UP;
36;49;61;44;327;1470;UP;
36;49;61;42;321;1470;UP;
36;49;59;40;315;1480;UP;
36;49;57;38;309;1480;UP;
36;49;55;36;303;1480;UP;
36;49;53;34;297;1480;UP;
36;49;51;32;291;1490;UP;
36;49;49;30;285;1490;UP;
36;49;47;28;279;1490;UP;
36;49;45;26;273;1490;UP;
36;49;43;24;267;1500;UP;
36;49;41;22;261;1500;UP;
36;49;39;20;255;1500;DOWN;
34;51;39;20;261;1500;DOWN;
32;53;39;20;267;1500;DOWN;
30;55;39;20;273;1500;DOWN;
28;57;39;20;279;1500;DOWN;
26;59;39;20;285;1500;UP;
26;59;37;18;279;1500;UP;
26;59;35;16;273;1500;UP;
26;59;33;14;267;1500;UP;
26;59;31;12;261;1500;UP;
26;57;29;10;255;1500;UP;
26;55;27;8;249;1500;LEFT;
26;53;25;6;201;1510;LEFT;
26;53;23;6;200;1510;LEFT;
26;53;21;6;199;1510;LEFT;
26;53;19;6;198;1510;LEFT;
26;53;17;6;197;1520;LEFT;
26;53;15;6;196;1520;LEFT;
26;53;13;6;195;1520;LEFT;
26;53;11;6;194;1520;LEFT;
26;53;9;6;193;1530;LEFT;
26;53;7;6;192;1530;LEFT;
26;53;5;6;191;1530;LEFT;
26;53;3;6;190;1530;LEFT;
-1;-1;-1;-1;978;1540;LEFT;
-1;-1;-1;-1;977;1540;LEFT;
-1;-1;-1;-1;976;1540;LEFT;
-1;-1;-1;-1;975;1540;LEFT;
-1;-1;-1;-1;974;1540;LEFT;
-1;-1;-1;-1;973;1540;LEFT;
-1;-1;-1;-1;972;1540;LEFT;
-1;-1;-1;-1;971;1540;LEFT;
-1;-1;-1;-1;970;1540;LEFT;
-1;-1;-1;-1;969;1540;LEFT;
-1;-1;-1;-1;968;1540;LEFT;
-1;-1;-1;-1;967;1540;LEFT;
-1;-1;-1;-1;966;1540;LEFT;
-1;-1;-1;-1;965;1540;LEFT;
-1;-1;-1;-1;964;1540;LEFT;
-1;-1;-1;-1;963;1540;LEFT;
-1;-1;-1;-1;962;1540;LEFT;
-1;-1;-1;-1;961;1540;LEFT;
-1;-1;-1;-1;960;1540;LEFT;
-1;-1;-1;-1;959;1540;LEFT;
-1;-1;-1;-1;958;1540;UP;
-1;-1;-1;-1;957;1540;UP;
-1;-1;-1;-1;956;1540;UP;
-1;-1;-1;-1;955;1540;UP;
-1;-1;-1;-1;954;1540;UP;
-1;-1;-1;-1;953;1540;UP;
-1;-1;-1;-1;952;1540;UP;
-1;-1;-1;-1;951;1540;UP;
-1;-1;-1;-1;950;1540;UP;
-1;-1;-1;-1;949;1540;UP;
-1;-1;-1;-1;948;1540;UP;
-1;-1;-1;-1;947;1540;UP;
-1;-1;-1;-1;946;1540;UP;
-1;-1;-1;-1;945;1540;UP;
-1;-1;-1;-1;944;1540;UP;
-1;-1;-1;-1;943;1540;UP;
-1;-1;-1;-1;942;1540;UP;
-1;-1;-1;-1;941;1540;UP;
-1;-1;-1;-1;940;1540;UP;
93;-1;-1;-1;939;1540;UP;
93;-1;-1;-1;938;1540;UP;
93;-1;-1;-1;937;1540;UP;
93;-1;-1;-1;936;1540;UP;
93;-1;-1;-1;924;1540;UP;
93;-1;-1;-1;920;1540;UP;
93;-1;-1;-1;916;1540;UP;
93;-1;-1;-1;912;1540;UP;
93;-1;-1;-1;908;1540;UP;
93;-1;-1;-1;904;1540;UP;
93;-1;-1;-1;900;1540;UP;
93;-1;-1;-1;896;1540;UP;
93;-1;-1;-1;892;1540;UP;
92;-1;-1;-1;888;1540;UP;
90;-1;-1;-1;884;1540;UP;
88;-1;-1;-1;810;1540;UP;
86;-1;-1;-1;806;1540;UP;
84;-1;-1;-1;802;1540;UP;
82;-1;-1;-1;798;1540;UP;
80;-1;-1;-1;794;1550;UP;
78;-1;73;-1;790;1550;UP;
76;-1;71;-1;786;1550;UP;
74;-1;69;-1;782;1550;UP;
72;-1;67;-1;778;1560;UP;
70;-1;65;-1;774;1560;UP;
68;-1;63;-1;770;1560;LEFT;
66;-1;61;-1;766;1560;LEFT;
64;-1;59;-1;691;1570;LEFT;
62;-1;59;-1;690;1570;LEFT;
60;-1;59;-1;689;1570;LEFT;
58;-1;59;-1;688;1570;LEFT;
56;-1;59;-1;687;1570;LEFT;
54;-1;59;-1;686;1570;LEFT;
52;-1;59;-1;685;1570;LEFT;
50;-1;59;-1;684;1570;LEFT;
48;-1;59;-1;683;1570;LEFT;
46;-1;59;-1;682;1570;LEFT;
44;-1;59;-1;681;1570;LEFT;
42;-1;59;-1;680;1570;LEFT;
40;-1;59;-1;679;1570;LEFT;
38;78;59;-1;765;1570;LEFT;
36;76;59;-1;764;1570;LEFT;
34;74;59;-1;763;1570;LEFT;
34;72;59;-1;762;1570;LEFT;
34;70;59;-1;761;1570;LEFT;
34;68;59;-1;760;1570;LEFT;
34;66;59;-1;759;1570;LEFT;
34;64;59;-1;758;1570;LEFT;
34;62;59;-1;757;1570;UP;
34;60;59;-1;756;1570;UP;
34;58;59;-1;755;1570;UP;
34;56;59;-1;754;1570;UP;
34;54;59;-1;753;1570;UP;
34;52;59;-1;678;1570;UP;
34;50;59;-1;672;1570;UP;
34;48;59;-1;666;1570;UP;
34;46;59;-1;660;1570;UP;
34;44;59;-1;654;1570;UP;
34;42;59;-1;648;1570;UP;
34;40;59;-1;642;1570;UP;
34;38;59;58;636;1570;UP;
34;36;59;56;630;1570;UP;
34;34;59;54;624;1570;UP;
34;32;59;52;618;1570;UP;
34;30;59;50;612;1570;UP;
34;28;59;48;584;1570;UP;
34;26;59;46;580;1570;UP;
34;24;59;44;576;1570;UP;
34;22;59;42;572;1570;UP;
34;20;59;40;568;1570;UP;
34;18;59;38;564;1570;UP;
34;16;59;36;560;1570;UP;
34;14;59;34;556;1570;UP;
34;12;59;32;552;1570;UP;
34;10;59;30;548;1570;UP;
34;8;59;28;544;1570;UP;
34;6;59;26;540;1570;UP;
34;6;59;26;455;1570;UP;
34;6;59;26;451;1570;UP;
34;6;59;26;447;1570;UP;
34;6;59;26;443;1570;UP;
34;6;59;26;439;1570;UP;
34;6;59;26;435;1570;UP;
34;6;59;26;431;1570;UP;
34;6;59;26;427;1570;UP;
34;6;59;26;423;1570;UP;
34;6;59;26;419;1570;UP;
34;6;59;26;415;1570;UP;
34;6;59;26;399;1570;UP;
34;6;59;26;335;1570;UP;
34;6;59;26;329;1570;UP;
34;6;59;26;323;1570;UP;
34;6;59;26;317;1570;UP;
34;6;59;26;311;1570;UP;
34;6;59;26;305;1570;UP;
34;6;59;26;299;1570;UP;
34;6;59;26;293;1570;UP;
34;6;59;26;287;1570;UP;
34;6;59;26;281;1570;UP;
34;6;59;26;275;1570;UP;
34;6;59;26;269;1570;UP;
34;6;59;26;263;1570;UP;
34;6;59;26;257;1570;UP;
32;6;59;26;251;1570;UP;
30;6;59;26;237;1570;LEFT;
28;6;59;26;236;1570;LEFT;
26;6;59;26;235;1570;LEFT;
24;6;59;26;234;1570;LEFT;
22;6;59;26;233;1570;LEFT;
20;6;59;26;232;1570;LEFT;
18;6;59;26;231;1570;LEFT;
16;6;59;26;230;1570;LEFT;
14;6;59;26;229;1570;LEFT;
12;6;59;26;228;1570;LEFT;
10;6;59;26;227;1570;LEFT;
8;6;59;26;226;1570;LEFT;
6;6;59;26;225;1570;LEFT;
6;6;59;26;224;1570;LEFT;
6;6;59;26;223;1570;LEFT;
6;6;59;26;222;1570;LEFT;
6;6;59;26;221;1580;LEFT;
6;6;59;26;220;1580;LEFT;
6;6;59;26;219;1580;LEFT;
6;6;59;26;218;1580;LEFT;
6;6;59;26;217;1590;LEFT;
6;6;59;26;216;1590;LEFT;
6;6;59;26;215;1590;LEFT;
6;6;59;26;214;1590;LEFT;
6;6;59;26;213;1600;LEFT;
6;6;59;26;212;1600;LEFT;
6;6;59;26;211;1600;LEFT;
6;6;59;28;210;1600;LEFT;
6;6;59;30;209;1610;LEFT;
6;6;59;32;208;1610;LEFT;
6;6;59;34;207;1610;LEFT;
6;6;59;36;206;1610;LEFT;
6;6;59;38;205;1620;LEFT;
6;6;59;40;204;1620;LEFT;
6;6;59;42;203;1620;LEFT;
6;6;59;44;202;1620;LEFT;
6;6;59;46;201;1620;LEFT;
6;6;59;48;200;1620;LEFT;
6;6;59;50;199;1620;LEFT;
6;6;59;52;198;1620;LEFT;
6;6;59;54;197;1620;DOWN;
6;6;59;56;196;1620;DOWN;
6;6;59;58;195;1620;DOWN;
8;6;59;60;194;1620;DOWN;
10;6;59;62;193;1620;DOWN;
12;6;59;64;192;1620;DOWN;
14;6;59;66;191;1620;DOWN;
16;6;59;66;190;1620;DOWN;
18;6;59;66;189;1620;DOWN;
20;6;59;66;248;1620;DOWN;
22;6;59;66;254;1620;DOWN;
24;6;59;66;260;1620;DOWN;
26;6;59;66;266;1630;DOWN;
28;6;59;66;272;1630;DOWN;
30;6;59;66;278;1630;DOWN;
32;6;59;66;284;1630;DOWN;
34;6;59;66;290;1640;DOWN;
36;6;59;66;296;1640;LEFT;
38;6;59;66;302;1640;LEFT;
40;6;59;66;308;1640;LEFT;
42;6;59;66;314;1650;LEFT;
44;6;59;66;320;1650;LEFT;
46;6;59;66;326;1650;LEFT;
48;6;59;66;332;1650;LEFT;
50;6;59;66;373;1660;LEFT;
52;6;59;66;372;1660;LEFT;
54;6;59;66;371;1660;LEFT;
56;6;59;66;370;1660;LEFT;
58;6;59;66;369;1670;LEFT;
60;6;59;66;368;1670;LEFT;
62;6;59;66;367;1670;LEFT;
64;6;59;66;366;1670;LEFT;
66;6;59;66;365;1680;LEFT;
66;6;59;66;364;1680;LEFT;
66;6;59;66;363;1680;LEFT;
66;6;59;66;362;1680;LEFT;
66;6;59;66;361;1690;LEFT;
68;6;59;66;360;1690;LEFT;
70;6;59;66;359;1690;LEFT;
72;6;59;66;358;1690;LEFT;
74;6;59;66;357;1700;LEFT;
76;6;59;66;356;1700;LEFT;
78;6;59;66;355;1700;LEFT;
80;6;59;66;354;1700;LEFT;
82;6;59;66;353;1710;LEFT;
84;6;59;66;352;1710;LEFT;
86;6;59;66;351;1710;LEFT;
86;6;59;66;350;1710;LEFT;
86;6;59;66;349;1720;LEFT;
85;5;58;65;349;1720;LEFT;
84;4;57;64;349;1720;RIGHT;
-1;-1;-1;-1;978;1720;RIGHT;
-1;-1;-1;-1;979;1720;RIGHT;
-1;-1;-1;-1;980;1720;RIGHT;
-1;-1;-1;-1;981;1720;LEFT;
-1;-1;-1;-1;980;1720;LEFT;
-1;-1;-1;-1;979;1720;LEFT;
-1;-1;-1;-1;978;1720;LEFT;
-1;-1;-1;-1;977;1720;LEFT;
-1;-1;-1;-1;976;1720;LEFT;
-1;-1;-1;-1;975;1720;LEFT;
-1;-1;-1;-1;974;1720;LEFT;
-1;-1;-1;-1;973;1720;LEFT;
-1;-1;-1;-1;972;1720;LEFT;
-1;-1;-1;-1;971;1720;LEFT;
-1;-1;-1;-1;970;1720;LEFT;
-1;-1;-1;-1;969;1720;UP;
-1;-1;-1;-1;968;1720;UP;
-1;-1;-1;-1;967;1720;UP;
-1;-1;-1;-1;966;1720;UP;
-1;-1;-1;-1;965;1720;UP;
-1;-1;-1;-1;964;1720;UP;
-1;-1;-1;-1;963;1720;UP;
-1;-1;-1;-1;962;1720;UP;
-1;-1;-1;-1;961;1720;UP;
-1;-1;-1;-1;960;1720;UP;
-1;-1;-1;-1;925;1720;UP;
-1;-1;-1;-1;921;1720;UP;
-1;-1;-1;-1;917;1720;UP;
-1;-1;-1;-1;913;1720;UP;
-1;-1;-1;-1;909;1720;UP;
-1;-1;-1;-1;905;1720;UP;
-1;-1;-1;-1;901;1720;UP;
-1;-1;-1;-1;897;1720;UP;
-1;-1;-1;-1;893;1720;UP;
-1;-1;-1;-1;889;1720;RIGHT;
-1;-1;-1;-1;885;1720;RIGHT;
-1;-1;-1;-1;834;1720;RIGHT;
-1;-1;-1;-1;835;1720;RIGHT;
-1;-1;-1;-1;836;1720;RIGHT;
75;-1;-1;-1;837;1720;RIGHT;
73;-1;-1;-1;838;1720;RIGHT;
71;-1;-1;-1;839;1720;RIGHT;
69;-1;-1;-1;840;1720;RIGHT;
67;-1;-1;-1;841;1720;RIGHT;
65;-1;-1;-1;842;1720;UP;
63;-1;-1;-1;843;1720;UP;
61;-1;-1;-1;844;1720;UP;
59;-1;-1;-1;845;1720;UP;
57;-1;-1;-1;846;1720;UP;
55;-1;-1;-1;807;1720;UP;
53;-1;-1;-1;803;1720;UP;
51;-1;-1;-1;799;1720;UP;
49;-1;-1;-1;795;1720;UP;
47;-1;-1;-1;791;1720;UP;
45;-1;-1;-1;787;1720;UP;
43;-1;-1;-1;783;1720;UP;
41;-1;-1;-1;779;1720;UP;
39;-1;-1;-1;775;1720;UP;
37;-1;-1;-1;771;1720;LEFT;
35;-1;55;-1;767;1720;LEFT;
33;-1;53;-1;716;1720;LEFT;
31;-1;51;-1;715;1720;LEFT;
29;-1;49;-1;714;1720;LEFT;
27;-1;47;-1;713;1720;LEFT;
25;-1;45;-1;712;1720;LEFT;
23;-1;43;-1;711;1720;LEFT;
21;-1;41;-1;710;1720;LEFT;
19;-1;39;-1;709;1720;LEFT;
17;-1;37;-1;708;1720;LEFT;
15;-1;35;-1;707;1720;UP;
13;-1;33;-1;706;1720;UP;
11;-1;31;-1;705;1720;UP;
9;-1;29;-1;704;1720;UP;
7;-1;27;-1;675;1720;UP;
5;-1;25;-1;669;1720;UP;
3;-1;23;-1;663;1720;UP;
3;-1;23;-1;663;1720;UP;
